9780687495900
9780890662984
9780310220763
9780310220763
9781426744648
9781426744655
9781576737330
9781576739792
9780687027064
9780687650842
9780687740413
9780687056972
781736
X514869
9781576755846
9780687090266
9780310220756
9780310228813
9780310220732
9781426753589
9780310265979
025986329525
9780310329534
9780310280613
9781576739723
9780310268567
9780310268512
9780310268291
025986227517
9780687090792
X728134
9781426740442
9780830830442
9780310889878
9780849920707
9781401675844
9780310250562
9780310255888
9780310205715
9780310208136
9780377002661
9780633193805
9780835806404
9780687140466
9780687140473
9780687015009
9780687015023
9780687015030
9780687015030
X750814
X750091
